-0.00663225  0.279253  0
-0.013439  0.593412  -0.057813
-0.0204204  0.139626  -0.116323
-0.0178024  -2.23402  -0.199537
-0.0277507  0.680678  -0.244392
-0.0272271  1.6057  -0.256486
-0.0315905  -3.14159  -0.223605
-0.0380482  -2.14675  -0.409077
-0.044855  1.43117  -0.443753
-0.0542797  -3.49066  -0.404677
-0.0551524  -2.26893  -0.64586
-0.0479966  -0.453786  -0.618036
-0.0464258  -1.29154  -0.492377
-0.0366519  -1.64061  -0.501756
-0.0280998  0.20944  -0.41469
-0.0249582  -1.44862  -0.274059
-0.0294961  -0.244346  -0.292294
-0.0349066  0.715585  -0.301556
-0.0392699  0.139626  -0.326829
-0.0507891  0.226893  -0.387578
-0.0577704  2.9147  -0.499883
-0.0654498  3.76991  -0.489162
-0.0682424  4.39823  -0.540201
-0.0733038  1.6057  -0.549272
-0.0778417  2.51327  -0.683261
-0.0837758  6.353  -0.701394
-0.095644  2.16421  -0.645784
-0.105767  0.890118  -0.889426
-0.118333  5.18363  -1.02851
-0.125664  9.44223  -1.02549
-0.1309  11.1527  -0.971286
-0.150622  9.09317  -0.972378
-0.162316  8.95354  -1.2307
-0.186401  13.4739  -1.35153
-0.215199  7.36529  -1.45665
-0.234572  22.5322  -1.92658
-0.260403  25.2026  -1.66636
-0.288328  18.9194  -1.8442
-0.324806  24.2426  -2.31065
-0.36233  15.6731  -2.51538
-0.379958  17.0868  -3.14595
-0.397411  1.97222  -3.27953
-0.403695  -7.97615  -3.90557
-0.417308  0.628319  -4.2657
-0.41469  6.80678  -4.14424
-0.394793  11.9206  -3.93339
-0.367392  13.4565  -3.58199
-0.342434  18.8845  -3.26271
-0.330565  22.2355  -2.85144
-0.314508  24.2252  -2.63285
-0.315032  24.6091  -2.41317
-0.307352  20.5949  -2.40691
-0.307876  15.6731  -2.45033
-0.304036  23.0383  -2.60272
-0.311541  11.7112  -2.34419
-0.317824  21.6072  -2.75774
-0.319919  13.631  -2.52453
-0.316428  18.7274  -2.78391
-0.308923  17.0519  -2.59671
-0.310669  20.944  -2.57194
-0.303862  16.1617  -2.47297
-0.302116  21.4501  -2.54806
-0.286932  18.7797  -2.37253
-0.293215  16.9821  -2.30089
-0.288503  18.9717  -2.41732
-0.305782  13.5438  -2.31082
-0.286758  16.2316  -2.64549
-0.280649  16.8599  -2.37534
-0.282743  14.4862  -2.29562
-0.283791  14.0499  -2.38748
-0.279253  16.0221  -2.41097
-0.276286  14.7306  -2.30674
-0.270875  12.0602  -2.31575
-0.267908  11.4843  -2.34162
-0.260229  11.9381  -2.32924
-0.255516  10.0705  -2.23907
-0.250455  7.662  -2.24789
-0.242775  4.04916  -2.26942
-0.233176  1.81514  -2.30083
-0.227242  1.20428  -2.27187
-0.216944  0.837758  -2.23093
-0.205949  0.506145  -2.13917
-0.192859  -2.46091  -2.03939
-0.181165  -2.79253  -1.99752
-0.169471  -1.90241  -1.89078
-0.155509  -2.89725  -1.74751
-0.139975  -5.06145  -1.63797
-0.128631  -5.46288  -1.54772
-0.112923  -6.30064  -1.44655
-0.100182  -6.30064  -1.3149
-0.0851721  -5.79449  -1.18779
-0.0710349  -5.60251  -1.02292
-0.055676  -6.42281  -0.876152
-0.0410152  -5.3058  -0.74746
-0.0233874  -6.38791  -0.567807
-0.00593412  -6.14356  -0.424309
0.0129154  -6.16101  -0.242891
0.0300197  -6.82424  -0.0553712
0.047822  -6.51008  0.0954284
0.0671952  -6.80678  0.282416
0.0806342  -1.88496  0.46681
0.0856957  14.6608  0.748039
0.0989602  17.5929  1.29325
0.113272  16.1268  1.51324
0.133692  16.9995  1.61218
0.155683  14.399  1.84199
0.18134  6.70206  1.98361
0.21101  7.83653  2.00942
0.246615  -3.49066  2.33933
0.281347  3.87463  2.35584
0.314159  1.6057  2.92254
0.361981  2.33874  3.18203
0.415912  4.45059  3.68102
0.478395  16.1443  4.28217
0.549255  29.5135  5.25513
0.620639  46.3385  6.36177
0.704415  68.4693  7.57695
0.794125  89.7448  9.0744
0.869698  113.08  10.6055
0.950855  123.674  12.0571
1.0362  133.483  13.1835
1.13551  127.043  14.3282
1.15733  45.8847  15.1263
1.03428  44.9597  12.9173
0.940034  67.073  11.6622
0.938289  73.9845  11.3832
0.960106  56.5661  11.5724
1.03236  14.4339  11.2692
1.10636  8.62193  10.7303
1.01945  -1.97222  11.2948
1.01037  -3.40339  10.1109
1.05366  10.2102  9.9776
1.03969  15.4636  10.8164
1.05156  27.1922  10.8342
1.0643  21.1534  11.3033
1.08315  9.05826  11.2499
1.1102  16.5283  11.0763
1.13953  2.30383  11.5695
1.1685  7.24312  11.4367
1.19852  1.78024  11.8734
1.22435  1.90241  12.0095
1.24756  -0.10472  12.2709
1.26798  -2.28638  12.4424
1.28701  -0.663225  12.5809
1.30568  -1.32645  12.8192
1.32121  -2.80998  12.9857
1.33448  -2.82743  13.0963
1.34809  -0.610865  13.2281
1.35996  -1.27409  13.4302
1.37445  -0.506145  13.5287
1.38282  -1.72788  13.6962
1.39173  -1.6057  13.7433
1.4001  -0.331613  13.8357
1.40551  -0.139626  13.9574
1.40988  -1.53589  14.0171
1.41738  -3.57792  14.0189
1.42035  2.23402  14.0327
1.4275  -1.95477  14.2361
1.43449  -2.02458  14.1822
1.43763  -0.436332  14.2498
1.44199  0.20944  14.3286
1.44461  -1.93732  14.3914
1.4481  0.139626  14.3533
1.45054  1.5708  14.4503
1.45246  0.349066  14.5174
1.45473  -0.523599  14.5001
1.457  0.0523599  14.4966
1.45997  1.46608  14.5365
1.46084  -0.139626  14.6083
1.46241  1.01229  14.569
