0.0979898  0.147567  -0.5
0.0979514  1.01626  -0.5
0.0991539  -2.60728  -0.5
0.0997552  -4.41905  -0.5
0.0995322  -7.17499  -0.5
0.0994207  -8.55296  -0.5
0.0996268  -3.62198  -0.5
0.0997298  -1.15649  -0.5
0.0994323  0.564945  -0.5
0.0992835  1.42566  -0.5
0.101478  -2.36767  -0.5
0.102575  -4.26434  -0.5
0.103909  -6.36459  -0.5
0.104576  -7.41472  -0.5
0.105084  -3.22739  -0.5
0.105338  -1.13373  -0.5
0.109392  2.50491  -0.5
0.111419  4.32424  -0.5
0.11444  1.04511  -0.5
0.11595  -0.594457  -0.5
0.117578  -2.67088  -0.5
0.118392  -3.70909  -0.5
0.118625  -1.01678  -0.5
0.118741  0.329366  -0.5
0.118799  1.77911  -0.5
0.118828  2.50399  -0.5
0.119977  3.00605  -0.5
0.120551  3.25708  -0.5
0.120402  -1.01563  -0.5
0.120328  -3.15199  -0.5
0.11968  -1.32292  -0.5
0.119356  -0.408389  -0.5
0.11771  0.162325  -0.5
0.116887  0.447682  -0.5
0.117261  -2.47269  -0.5
0.117448  -3.93288  -0.5
0.116931  -3.03982  -0.5
0.116672  -2.59329  -0.5
0.117852  -1.45372  -0.5
0.118442  -0.883941  -0.5
0.119609  -0.302344  -0.5
0.120193  -0.0115457  -0.5
0.120136  0.1164  -0.5
0.120107  0.180373  -0.5
0.11826  0.177453  -0.5
0.117337  0.175993  -0.5
0.118097  -1.13373  -0.5
0.118477  -1.7886  -0.5
0.118667  -3.49484  -0.5
0.118762  -4.34796  -0.5
0.118199  -3.60515  -0.5
0.117917  -3.23375  -0.5
0.117078  -1.52961  -0.5
0.116658  -0.677537  -0.5
0.117147  0.952775  -0.5
0.117391  1.76793  -0.5
0.1176  0.979959  -0.5
0.117705  0.585972  -0.5
0.12151  1.0522  -0.5
0.123412  1.28532  -0.5
0.125498  2.21346  -0.5
0.126541  2.67752  -0.5
0.1268  1.56566  -0.5
0.12693  1.00972  -0.5
0.124813  0.016168  -0.5
0.123755  -0.480608  -0.5
0.124535  0.0564018  -0.5
0.124925  0.324907  -0.5
0.125556  -0.736391  -0.5
0.125872  -1.26704  -0.5
0.125419  -2.38758  -0.5
0.125192  -2.94784  -0.5
0.124119  -3.34142  -0.5
0.123582  -3.53821  -0.5
0.122267  -4.37837  -0.5
0.121609  -4.79845  -0.5
0.121367  -2.61739  -0.5
0.121247  -1.52686  -0.5
0.120052  -3.77412  -0.5
0.119454  -4.89776  -0.5
0.119243  -3.4699  -0.5
0.119137  -2.75597  -0.5
0.119521  -0.924197  -0.5
0.119712  -0.00831291  -0.5
0.120157  -2.22072  -0.5
0.12038  -3.32693  -0.5
0.121276  -0.738441  -0.5
0.121725  0.555804  -0.5
0.121513  0.0597359  -0.5
0.121406  -0.188298  -0.5
0.123535  0.726156  -0.5
0.124599  1.18338  -0.5
0.124695  2.12758  -0.5
0.124743  2.59968  -0.5
0.124854  1.43074  -0.5
0.12491  0.84627  -0.5
0.123192  1.58378  -0.5
0.122334  1.95253  -0.5
0.121555  2.32017  -0.5
0.121166  2.50399  -0.5
0.120797  2.465  -0.5
0.120612  2.4455  -0.5
0.118862  1.72017  -0.5
0.117987  1.3575  -0.5
0.116677  1.56887  -0.5
0.116021  1.67455  -0.5
0.115607  2.38189  -0.5
0.115399  2.73556  -0.5
0.113725  0.51257  -0.5
0.112887  -0.598926  -0.5
0.110985  -0.840515  -0.5
0.110034  -0.96131  -0.5
0.109471  0.31347  -0.5
0.10919  0.95086  -0.5
0.108002  -1.73241  -0.5
0.107408  -3.07405  -0.5
0.104842  -4.17247  -0.5
0.103559  -4.72168  -0.5
0.101783  -2.57901  -0.5
0.100895  -1.50767  -0.5
0.100713  -2.72606  -0.5
0.100622  -3.33525  -0.5
0.0996166  -6.15312  -0.5
0.0991138  -7.56206  -0.5
0.100259  -5.23838  -0.5
0.100831  -4.07654  -0.5
0.104608  -2.047  -0.5
0.106496  -1.03222  -0.5
0.108924  -3.34355  -0.5
0.110138  -4.49921  -0.5
0.114236  -4.18692  -0.5
0.116285  -4.03077  -0.5
0.11888  1.25711  -0.5
0.120177  3.90104  -0.5
0.120913  2.74465  -0.5
0.121281  2.16645  -0.5
0.119546  -3.04448  -0.5
0.118678  -5.64994  -0.5
0.117807  -3.6191  -0.5
0.117372  -2.60367  -0.5
0.116544  1.31616  -0.5
0.11613  3.27607  -0.5
0.116272  0.0497867  -0.5
0.116342  -1.56336  -0.5
0.11472  -5.57261  -0.5
0.113909  -7.57723  -0.5
0.117692  -3.00322  -0.5
0.119583  -0.716211  -0.5
0.122711  4.3281  -0.5
0.124275  6.85026  -0.5
0.124969  2.05505  -0.5
0.125316  -0.34256  -0.5
0.124879  -4.55206  -0.5
0.124661  -6.6568  -0.5
0.122893  -3.84327  -0.5
0.12201  -2.43651  -0.5
0.125844  2.87454  -0.5
0.127761  5.53007  -0.5
0.130465  1.75274  -0.5
0.131817  -0.135919  -0.5
0.131795  -3.79424  -0.5
0.131783  -5.6234  -0.5
0.12916  -3.60582  -0.5
0.127848  -2.59704  -0.5
0.126669  3.06481  -0.5
0.126079  5.89573  -0.5
0.12622  2.41554  -0.5
0.126291  0.675443  -0.5
0.12781  -4.06051  -0.5
0.128569  -6.42848  -0.5
0.128862  -6.04168  -0.5
0.129008  -5.84827  -0.5
0.128034  -2.00784  -0.5
0.127547  -0.0876209  -0.5
0.128351  2.30366  -0.5
0.128753  3.4993  -0.5
0.128604  -2.42169  -0.5
0.12853  -5.38218  -0.5
0.130762  -4.41024  -0.5
0.131878  -3.92427  -0.5
0.133222  -2.60791  -0.5
0.133893  -1.94973  -0.5
0.133095  -0.85269  -0.5
0.132695  -0.304172  -0.5
0.133717  0.851479  -0.5
0.134228  1.4293  -0.5
0.135095  -1.9208  -0.5
0.135528  -3.59584  -0.5
0.138799  -0.794358  -0.5
0.140434  0.606385  -0.5
0.142387  0.966418  -0.5
0.143363  1.14643  -0.5
0.14228  -2.55092  -0.5
0.141739  -4.3996  -0.5
0.140944  -2.65359  -0.5
0.140547  -1.78058  -0.5
0.144101  -1.41389  -0.5
0.145878  -1.23054  -0.5
0.147988  -0.205119  -0.5
0.149043  0.307593  -0.5
0.147825  0.642489  -0.5
0.147217  0.809937  -0.5
0.146999  -0.0924506  -0.5
0.146891  -0.543644  -0.5
0.1464  -2.90727  -0.5
0.146155  -4.08908  -0.5
0.144636  -5.36067  -0.5
0.143876  -5.99646  -0.5
0.144195  -4.34213  -0.5
0.144354  -3.51497  -0.5
0.143997  -1.93202  -0.5
0.143819  -1.14054  -0.5
0.145213  0.267487  -0.5
0.14591  0.971502  -0.5
0.149313  -0.256014  -0.5
0.151015  -0.869772  -0.5
0.153873  -0.583239  -0.5
0.155302  -0.439972  -0.5
0.154882  -1.38936  -0.5
0.154672  -1.86405  -0.5
0.154916  -3.54129  -0.5
0.155038  -4.37991  -0.5
0.15475  -4.05746  -0.5
0.154606  -3.89623  -0.5
0.152788  -3.98142  -0.5
0.15188  -4.02402  -0.5
0.151076  -1.95092  -0.5
0.150675  -0.914375  -0.5
0.152132  0.624916  -0.5
0.15286  1.39456  -0.5
0.15401  2.45134  -0.5
0.154585  2.97972  -0.5
0.157141  1.9611  -0.5
0.158419  1.45179  -0.5
0.160891  1.73819  -0.5
0.162127  1.88138  -0.5
0.161436  0.731252  -0.5
0.16109  0.156187  -0.5
0.161179  -1.57997  -0.5
0.161224  -2.44805  -0.5
0.16081  -3.53659  -0.5
0.160603  -4.08085  -0.5
0.159016  -6.11577  -0.5
0.158222  -7.13323  -0.5
0.156953  -6.97873  -0.5
0.156318  -6.90149  -0.5
0.15539  -7.27301  -0.5
0.154926  -7.45878  -0.5
0.154868  -4.81149  -0.5
0.154839  -3.48785  -0.5
0.156047  -2.0319  -0.5
0.15665  -1.30393  -0.5
0.157912  0.307965  -0.5
0.158543  1.11391  -0.5
0.161913  1.49071  -0.5
0.163598  1.67911  -0.5
0.165313  3.09975  -0.5
0.16617  3.81008  -0.5
0.169217  3.10059  -0.5
0.170741  2.74585  -0.5
0.172724  3.74657  -0.5
0.173716  4.24693  -0.5
0.175346  3.57209  -0.5
0.176161  3.23467  -0.5
0.178489  3.33648  -0.5
0.179652  3.38739  -0.5
0.179362  2.66235  -0.5
0.179216  2.29983  -0.5
0.179754  2.00513  -0.5
0.180023  1.85778  -0.5
0.182165  0.562369  -0.5
0.183236  -0.0853349  -0.5
0.184993  -0.409187  -0.5
0.185872  -0.571112  -0.5
0.187707  -1.73418  -0.5
0.188625  -2.31571  -0.5
0.191091  -3.13008  -0.5
0.192324  -3.53726  -0.5
0.193551  -4.39535  -0.5
0.194165  -4.8244  -0.5
0.196741  -5.04765  -0.5
0.198029  -5.15927  -0.5
0.198673  -5.03182  -0.5
0.198995  -4.9681  -0.5
0.201512  -4.96242  -0.5
0.20277  -4.95958  -0.5
0.203138  -4.92325  -0.5
0.203322  -4.90509  -0.5
0.205857  -4.51203  -0.5
0.207125  -4.3155  -0.5
0.207584  -4.54885  -0.5
0.207814  -4.66553  -0.5
0.210023  -4.22645  -0.5
0.211127  -4.00691  -0.5
0.212029  -4.19384  -0.5
0.212479  -4.28731  -0.5
0.214537  -3.71445  -0.5
0.215566  -3.42802  -0.5
0.218175  -2.7263  -0.5
0.21948  -2.37544  -0.5
0.22275  -2.83706  -0.5
0.224385  -3.06786  -0.5
0.229479  -2.9302  -0.5
0.232025  -2.86136  -0.5
0.236091  -3.09747  -0.5
0.238124  -3.21552  -0.5
0.245599  -2.35825  -0.5
0.249336  -1.92962  -0.5
0.253473  -2.38725  -0.5
0.255542  -2.61607  -0.5
0.262859  -1.56983  -0.5
0.266518  -1.04672  -0.5
0.270093  -0.532085  -0.5
0.27188  -0.274769  -0.5
0.277835  0.264041  -0.5
0.280813  0.533446  -0.5
0.283349  2.09059  -0.5
0.284617  2.86917  -0.5
0.288131  1.95818  -0.5
0.289888  1.50269  -0.5
0.291377  4.338  -0.5
0.292122  5.75565  -0.5
0.292668  3.35779  -0.5
0.292942  2.15886  -0.5
0.293428  5.49511  -0.5
0.293671  7.16324  -0.5
0.292396  3.7387  -0.5
0.291758  2.02643  -0.5
0.288909  3.4305  -0.5
0.287484  4.13253  -0.5
0.285376  1.05397  -0.5
0.284321  -0.485304  -0.5
0.281002  -2.44177  -0.5
0.279342  -3.42  -0.5
0.27825  -3.56005  -0.5
0.277704  -3.63007  -0.5
0.277431  -6.3878  -0.5
0.277295  -7.76666  -0.5
0.279583  -5.99518  -0.5
0.280727  -5.10944  -0.5
0.288891  -6.69115  -0.5
0.292973  -7.48201  -0.5
0.297021  -6.54226  -0.5
0.299045  -6.07238  -0.5
0.307126  -4.36264  -0.5
0.311166  -3.50777  -0.5
0.31371  -2.98434  -0.5
0.314982  -2.72263  -0.5
0.314483  -0.427563  -0.5
0.314234  0.71997  -0.5
0.314982  2.4282  -0.5
0.315356  3.28232  -0.5
0.313972  1.78951  -0.5
0.31328  1.04311  -0.5
0.311713  4.23038  -0.5
0.310929  5.82401  -0.5
0.310101  2.92946  -0.5
0.309686  1.48218  -0.5
0.306774  1.63121  -0.5
0.305318  1.70572  -0.5
0.306073  2.29276  -0.5
0.306451  2.58628  -0.5
0.310916  0.211034  -0.5
0.313149  -0.976587  -0.5
0.316534  1.13486  -0.5
0.318226  2.19059  -0.5
0.321691  0.981847  -0.5
0.323423  0.377477  -0.5
0.325336  0.153832  -0.5
0.326293  0.0420094  -0.5
0.325811  -1.82032  -0.5
0.32557  -2.75148  -0.5
0.323617  -3.47886  -0.5
0.322641  -3.84255  -0.5
0.322938  -4.26002  -0.5
0.323086  -4.46875  -0.5
0.325255  -5.48069  -0.5
0.326339  -5.98666  -0.5
0.329063  -3.80491  -0.5
0.330425  -2.71403  -0.5
0.334771  -2.24713  -0.5
0.336944  -2.01368  -0.5
0.339253  -0.422157  -0.5
0.340407  0.373607  -0.5
0.339762  -0.319342  -0.5
0.33944  -0.665817  -0.5
0.343293  -0.795421  -0.5
0.345219  -0.860223  -0.5
0.347404  0.34656  -0.5
0.348497  0.949952  -0.5
0.348956  0.23063  -0.5
0.349185  -0.129031  -0.5
0.349126  1.51501  -0.5
0.349096  2.33703  -0.5
0.347946  -0.41101  -0.5
0.347372  -1.78503  -0.5
0.347782  -3.17017  -0.5
0.347988  -3.86274  -0.5
0.349836  -2.96111  -0.5
0.35076  -2.5103  -0.5
0.353491  -2.058  -0.5
0.354856  -1.83185  -0.5
0.355539  0.873036  -0.5
0.35588  2.22548  -0.5
0.355091  1.05165  -0.5
0.354696  0.46474  -0.5
0.354935  0.546529  -0.5
0.355055  0.587424  -0.5
0.357122  2.97279  -0.5
0.358155  4.16548  -0.5
0.360417  4.77927  -0.5
0.361548  5.08617  -0.5
0.361939  7.83143  -0.5
0.362135  9.20406  -0.5
0.361447  8.36322  -0.5
0.361103  7.94279  -0.5
0.3632  6.93846  -0.5
0.364249  6.43629  -0.5
0.36678  8.91664  -0.5
0.368046  10.1568  -0.5
0.369115  7.86221  -0.5
0.36965  6.71491  -0.5
0.369568  6.90047  -0.5
0.369527  6.99325  -0.5
0.369594  7.83377  -0.5
0.369627  8.25403  -0.5
0.373222  7.32969  -0.5
0.375019  6.86753  -0.5
0.377838  10.3889  -0.5
0.379247  12.1496  -0.5
0.380039  11.6337  -0.5
0.380435  11.3757  -0.5
0.382291  12.6517  -0.5
0.383219  13.2897  -0.5
0.385952  17.6143  -0.5
0.387318  19.7765  -0.5
0.388962  20.081  -0.5
0.389783  20.2332  -0.5
0.390456  21.086  -0.5
0.390792  21.5124  -0.5
0.391658  24.1341  -0.5
0.392091  25.445  -0.5
0.394664  23.6046  -0.5
0.395951  22.6844  -0.5
0.397554  24.1529  -0.5
0.398355  24.8872  -0.5
0.402858  25.7081  -0.5
0.405109  26.1185  -0.5
0.40702  23.5225  -0.5
0.407975  22.2245  -0.5
0.40854  24.8393  -0.5
0.408823  26.1466  -0.5
0.411407  27.7603  -0.5
0.4127  28.5671  -0.5
0.4164  28.1851  -0.5
0.418251  27.9941  -0.5
0.421881  33.2393  -0.5
0.423696  35.8619  -0.5
0.426524  37.9761  -0.5
0.427937  39.0331  -0.5
0.433269  40.0155  -0.5
0.435935  40.5066  -0.5
0.44137  45.7788  -0.5
0.444087  48.4148  -0.5
0.447889  49.3052  -0.5
0.44979  49.7505  -0.5
0.456238  48.0532  -0.5
0.459463  47.2046  -0.5
0.466136  50.8905  -0.5
0.469473  52.7335  -0.5
0.47341  52.5816  -0.5
0.475379  52.5056  -0.5
0.481163  50.1027  -0.5
0.484055  48.9013  -0.5
0.489951  53.1613  -0.5
0.4929  55.2913  -0.5
0.49577  56.2691  -0.5
0.497205  56.7579  -0.5
0.502984  57.0896  -0.5
0.505874  57.2555  -0.5
0.513602  64.3459  -0.5
0.517466  67.8911  -0.5
0.522016  71.1647  -0.5
0.524291  72.8015  -0.5
0.530664  74.4315  -0.5
0.533851  75.2465  -0.5
0.541989  82.2513  -0.5
0.546059  85.7537  -0.5
0.553242  88.2641  -0.5
0.556834  89.5194  -0.5
0.565087  87.9566  -0.5
0.569214  87.1752  -0.5
0.578171  91.3922  -0.5
0.58265  93.5007  -0.5
0.589514  94.7207  -0.5
0.592947  95.3307  -0.5
0.602081  91.2811  -0.5
0.606647  89.2563  -0.5
0.61565  92.8516  -0.5
0.620152  94.6493  -0.5
0.626068  98.489  -0.5
0.629026  100.409  -0.5
0.637399  98.5238  -0.5
0.641585  97.5814  -0.5
0.650223  103.289  -0.5
0.654543  106.142  -0.5
0.665254  114.219  -0.5
0.67061  118.257  -0.5
0.678262  119.63  -0.5
0.682088  120.317  -0.5
0.693426  122.432  -0.5
0.699095  123.489  -0.5
0.710394  131.645  -0.5
0.716044  135.723  -0.5
0.725065  135.624  -0.5
0.729575  135.574  -0.5
0.740033  133.028  -0.5
0.745263  131.754  -0.5
0.754946  137.252  -0.5
0.759787  140.001  -0.5
0.770062  139.796  -0.5
0.775199  139.694  -0.5
0.784662  135  -0.5
0.789393  132.653  -0.5
0.798566  137.292  -0.5
0.803152  139.611  -0.5
0.813561  144.68  -0.5
0.818765  147.215  -0.5
0.827825  146.292  -0.5
0.832355  145.83  -0.5
0.845791  149.378  -0.5
0.852508  151.152  -0.5
0.865815  159.317  -0.5
0.872469  163.399  -0.5
0.884086  165.772  -0.5
0.889894  166.959  -0.5
0.900129  164.908  -0.5
0.905246  163.882  -0.5
0.914176  166.825  -0.5
0.91864  168.297  -0.5
0.930821  171.624  -0.5
0.936911  173.288  -0.5
0.94685  168.125  -0.5
0.95182  165.543  -0.5
0.962944  161.783  -0.5
0.968506  159.902  -0.5
0.981061  164.669  -0.5
0.987339  167.053  -0.5
0.997371  168.786  -0.5
1.00239  169.652  -0.5
1.01118  166.988  -0.5
1.01557  165.655  -0.5
1.0251  167.747  -0.5
1.02987  168.792  -0.5
1.04176  175.136  -0.5
1.04771  178.308  -0.5
1.05888  179.745  -0.5
1.06447  180.464  -0.5
1.07573  177.202  -0.5
1.08136  175.571  -0.5
1.09465  177.103  -0.5
1.10129  177.868  -0.5
1.11491  179.735  -0.5
1.12172  180.668  -0.5
1.13411  178.77  -0.5
1.14031  177.821  -0.5
1.15161  171.272  -0.5
1.15726  167.998  -0.5
1.17012  167.487  -0.5
1.17655  167.231  -0.5
1.1898  167.357  -0.5
1.19643  167.419  -0.5
1.20786  164.911  -0.5
1.21357  163.657  -0.5
1.22647  157.471  -0.5
1.23291  154.378  -0.5
1.24486  151.121  -0.5
1.25084  149.493  -0.5
1.26124  148.792  -0.5
1.26644  148.442  -0.5
1.24452  195.992  -0.5
1.23356  219.768  -0.5
1.21665  122.206  -0.5
1.2082  73.425  -0.5
1.17979  84.6392  -0.5
1.16559  90.2464  -0.5
1.14985  68.3884  -0.5
1.14198  57.4594  -0.5
1.13212  87.2506  -0.5
1.12718  102.146  -0.5
1.10656  98.9213  -0.5
1.09625  97.3089  -0.5
1.08132  99.6791  -0.5
1.07386  100.864  -0.5
1.06812  66.8033  -0.5
1.06525  49.7728  -0.5
1.06085  51.5289  -0.5
1.05865  52.4069  -0.5
1.04978  52.523  -0.5
1.04535  52.5811  -0.5
1.04584  64.3736  -0.5
1.04608  70.2699  -0.5
1.0476  48.9841  -0.5
1.04836  38.3413  -0.5
1.05136  20.0258  -0.5
1.05285  10.8681  -0.5
1.05718  12.747  -0.5
1.05935  13.6864  -0.5
1.06505  24.0696  -0.5
1.06791  29.2612  -0.5
1.0723  28.6543  -0.5
1.0745  28.3509  -0.5
1.07961  10.2572  -0.5
1.08217  1.21032  -0.5
1.08807  -1.14889  -0.5
1.09102  -2.3285  -0.5
1.09459  3.04199  -0.5
1.09638  5.72724  -0.5
1.10216  22.8913  -0.5
1.10505  31.4733  -0.5
1.08214  33.8008  -0.5
1.07069  34.9646  -0.5
1.06601  35.3545  -0.5
1.06367  35.5494  -0.5
1.0612  31.0392  -0.5
1.05996  28.7841  -0.5
1.06021  43.9667  -0.5
1.06034  51.5579  -0.5
1.06258  53.8875  -0.5
1.0637  55.0523  -0.5
1.06775  48.1297  -0.5
1.06978  44.6685  -0.5
1.07324  34.5166  -0.5
1.07497  29.4407  -0.5
1.07679  31.5366  -0.5
1.0777  32.5845  -0.5
1.07571  34.8626  -0.5
1.07472  36.0016  -0.5
1.07641  40.7163  -0.5
1.07725  43.0736  -0.5
1.08264  28.2127  -0.5
1.08534  20.7822  -0.5
1.09131  18.5942  -0.5
1.0943  17.5001  -0.5
1.10059  19.8591  -0.5
1.10374  21.0386  -0.5
1.10697  26.0527  -0.5
1.10859  28.5598  -0.5
1.11332  26.8114  -0.5
1.11569  25.9371  -0.5
1.11775  16.2323  -0.5
1.11878  11.3799  -0.5
1.12086  6.08267  -0.5
1.1219  3.43403  -0.5
1.12478  8.03511  -0.5
1.12622  10.3356  -0.5
1.12545  14.9417  -0.5
1.12507  17.2447  -0.5
1.12593  12.7675  -0.5
1.12636  10.5289  -0.5
1.12491  -1.91758  -0.5
1.12419  -8.14082  -0.5
1.12435  -13.7221  -0.5
1.12443  -16.5127  -0.5
1.12709  -13.2916  -0.5
1.12842  -11.6811  -0.5
1.13118  -8.34509  -0.5
1.13256  -6.67709  -0.5
1.13491  -10.7038  -0.5
1.13608  -12.7172  -0.5
1.13955  -21.7699  -0.5
1.14128  -26.2962  -0.5
1.14267  -29.7636  -0.5
1.14337  -31.4973  -0.5
1.14616  -27.8438  -0.5
1.14755  -26.017  -0.5
1.14851  -19.4226  -0.5
1.14899  -16.1254  -0.5
1.14958  -16.6497  -0.5
1.14988  -16.9119  -0.5
1.14732  -14.0235  -0.5
1.14604  -12.5794  -0.5
1.14654  -16.0635  -0.5
1.14678  -17.8056  -0.5
1.14647  -13.1265  -0.5
1.14631  -10.7869  -0.5
1.14179  -14.0939  -0.5
1.13952  -15.7474  -0.5
1.13935  -14.2529  -0.5
1.13926  -13.5056  -0.5
1.13896  -13.2018  -0.5
1.13881  -13.0499  -0.5
1.13759  -6.10607  -0.5
1.13699  -2.63416  -0.5
1.13669  -0.793479  -0.5
1.13654  0.126859  -0.5
1.13873  -4.98057  -0.5
1.13983  -7.53429  -0.5
1.13941  -14.4398  -0.5
1.13921  -17.8926  -0.5
1.13902  -16.1371  -0.5
1.13892  -15.2593  -0.5
1.13992  -8.11833  -0.5
1.14042  -4.54786  -0.5
1.13997  0.553504  -0.5
1.13975  3.10419  -0.5
1.13789  -0.254323  -0.5
1.13696  -1.93358  -0.5
1.1372  -5.96716  -0.5
1.13731  -7.98395  -0.5
1.1372  -12.3085  -0.5
1.13714  -14.4707  -0.5
1.13502  -15.5868  -0.5
1.13396  -16.1448  -0.5
1.13369  -17.3924  -0.5
1.13355  -18.0163  -0.5
1.13444  -14.6368  -0.5
1.13489  -12.9471  -0.5
1.1338  -8.80357  -0.5
1.13326  -6.7318  -0.5
1.13081  -1.54203  -0.5
1.12958  1.05285  -0.5
1.12801  1.92269  -0.5
1.12722  2.35761  -0.5
1.12735  -1.56136  -0.5
1.12742  -3.52085  -0.5
1.12544  -12.0142  -0.5
1.12446  -16.2609  -0.5
1.12204  -20.243  -0.5
1.12084  -22.2341  -0.5
1.12268  -22.0777  -0.5
1.1236  -21.9995  -0.5
1.12371  -16.2532  -0.5
1.12376  -13.38  -0.5
1.12152  -9.39528  -0.5
1.1204  -7.4029  -0.5
1.11775  -4.38213  -0.5
1.11642  -2.87174  -0.5
1.1134  -0.955906  -0.5
1.11189  0.00201258  -0.5
1.1093  0.603145  -0.5
1.10801  0.903711  -0.5
1.10797  -3.3006  -0.5
1.10795  -5.40276  -0.5
1.10847  -13.2344  -0.5
1.10872  -17.1503  -0.5
1.10728  -23.0265  -0.5
1.10656  -25.9646  -0.5
1.10507  -26.526  -0.5
1.10432  -26.8068  -0.5
1.10569  -23.0027  -0.5
1.10638  -21.1007  -0.5
1.1082  -16.2663  -0.5
1.10912  -13.8491  -0.5
1.10861  -10.485  -0.5
1.10836  -8.80298  -0.5
1.10562  -7.17656  -0.5
1.10425  -6.36336  -0.5
1.10164  -5.16263  -0.5
1.10034  -4.56226  -0.5
1.10047  -5.95505  -0.5
1.10054  -6.65144  -0.5
1.10022  -12.5411  -0.5
1.10006  -15.4859  -0.5
1.09772  -20.5275  -0.5
1.09654  -23.0483  -0.5
1.09482  -27.1536  -0.5
1.09396  -29.2062  -0.5
1.09484  -29.7002  -0.5
1.09528  -29.9472  -0.5
1.0982  -27.8716  -0.5
1.09967  -26.8338  -0.5
1.10092  -24.7179  -0.5
1.10155  -23.66  -0.5
1.10047  -19.3436  -0.5
1.09992  -17.1855  -0.5
1.09747  -13.916  -0.5
1.09625  -12.2812  -0.5
1.09415  -10.1811  -0.5
1.0931  -9.13097  -0.5
1.0931  -8.68446  -0.5
1.0931  -8.46121  -0.5
1.09432  -9.7982  -0.5
1.09493  -10.4667  -0.5
1.09532  -10.5304  -0.5
1.09552  -10.5623  -0.5
1.0951  -11.3113  -0.5
1.09488  -11.6857  -0.5
1.09425  -14.3077  -0.5
1.09394  -15.6187  -0.5
1.09457  -19.7823  -0.5
1.09488  -21.8641  -0.5
1.09652  -24.406  -0.5
1.09734  -25.6769  -0.5
1.10054  -25.0558  -0.5
1.10214  -24.7452  -0.5
1.10329  -23.0104  -0.5
1.10387  -22.143  -0.5
1.10538  -20.3392  -0.5
1.10613  -19.4373  -0.5
1.10948  -19.5012  -0.5
1.11115  -19.5332  -0.5
1.11521  -18.1791  -0.5
1.11725  -17.502  -0.5
1.11914  -13.6728  -0.5
1.12008  -11.7582  -0.5
1.12003  -9.09053  -0.5
1.12  -7.75667  -0.5
1.11886  -6.17344  -0.5
1.11828  -5.38183  -0.5
1.11704  -4.95112  -0.5
1.11641  -4.73576  -0.5
1.11523  -2.6035  -0.5
1.11464  -1.53737  -0.5
1.11451  0.0254402  -0.5
1.11445  0.806845  -0.5
1.11521  1.24118  -0.5
1.11559  1.45835  -0.5
1.11735  1.37495  -0.5
1.11823  1.33324  -0.5
1.12041  -0.886721  -0.5
1.1215  -1.9967  -0.5
1.12406  -1.17288  -0.5
1.12533  -0.760975  -0.5
1.12824  -2.14327  -0.5
1.12969  -2.83442  -0.5
1.13286  -5.04749  -0.5
1.13445  -6.15403  -0.5
1.13585  -7.00401  -0.5
1.13655  -7.42899  -0.5
1.13691  -8.68869  -0.5
1.13708  -9.31853  -0.5
1.13656  -8.13247  -0.5
1.1363  -7.53944  -0.5
1.13617  -7.87997  -0.5
1.1361  -8.05024  -0.5
1.13668  -8.78987  -0.5
1.13697  -9.15968  -0.5
1.13825  -9.05661  -0.5
1.13889  -9.00508  -0.5
1.14078  -8.95313  -0.5
1.14172  -8.92715  -0.5
1.14411  -8.52147  -0.5
1.14531  -8.31862  -0.5
1.14818  -7.51034  -0.5
1.14961  -7.1062  -0.5
1.15329  -8.83272  -0.5
1.15514  -9.69598  -0.5
1.1592  -9.34221  -0.5
1.16123  -9.16533  -0.5
1.16556  -8.94599  -0.5
1.16773  -8.83632  -0.5
1.17152  -9.26145  -0.5
1.17341  -9.47401  -0.5
1.17645  -9.15269  -0.5
1.17797  -8.99203  -0.5
1.17899  -9.82799  -0.5
1.17951  -10.246  -0.5
1.17985  -9.46886  -0.5
1.18002  -9.0803  -0.5
1.18054  -8.11807  -0.5
1.1808  -7.63696  -0.5
1.18189  -8.20798  -0.5
1.18244  -8.49349  -0.5
1.18402  -8.03411  -0.5
1.18481  -7.80442  -0.5
1.18756  -9.57453  -0.5
1.18894  -10.4596  -0.5
1.19233  -10.2825  -0.5
1.19403  -10.194  -0.5
1.19776  -9.71339  -0.5
1.19962  -9.47309  -0.5
1.20317  -9.45766  -0.5
1.20495  -9.44995  -0.5
1.20845  -9.2192  -0.5
1.2102  -9.10382  -0.5
1.2137  -8.86287  -0.5
1.21545  -8.7424  -0.5
1.2192  -9.38902  -0.5
1.22108  -9.71233  -0.5
1.22454  -9.11477  -0.5
1.22628  -8.81599  -0.5
1.22985  -8.58806  -0.5
1.23164  -8.47409  -0.5
1.23497  -9.88319  -0.5
1.23664  -10.5877  -0.5
1.24001  -8.88052  -0.5
1.24169  -8.02691  -0.5
1.24515  -9.48506  -0.5
1.24688  -10.2141  -0.5
1.24993  -8.47555  -0.5
1.25145  -7.60626  -0.5
1.25457  -7.92211  -0.5
1.25613  -8.08003  -0.5
1.25909  -8.3597  -0.5
1.26057  -8.49954  -0.5
1.26349  -7.53972  -0.5
1.26495  -7.0598  -0.5
1.26821  -6.61913  -0.5
1.26984  -6.3988  -0.5
1.27284  -6.53298  -0.5
1.27434  -6.60007  -0.5
1.27692  -5.89185  -0.5
1.27821  -5.53774  -0.5
1.28025  -5.2996  -0.5
1.28127  -5.18053  -0.5
1.28239  -4.46649  -0.5
1.28295  -4.10947  -0.5
1.2835  -2.93613  -0.5
1.28377  -2.34946  -0.5
1.28408  -3.44366  -0.5
1.28423  -3.99076  -0.5
1.28414  -2.95531  -0.5
1.28409  -2.43759  -0.5
1.28424  -1.16643  -0.5
1.28431  -0.530857  -0.5
1.28452  0.0400043  -0.5
1.28463  0.325435  -0.5
1.28486  1.68988  -0.5
1.28497  2.3721  -0.5
1.28451  2.57359  -0.5
1.28427  2.67433  -0.5
1.28258  2.53272  -0.5
1.28174  2.46191  -0.5
1.27914  4.10202  -0.5
1.27784  4.92208  -0.5
1.2743  4.63397  -0.5
1.27254  4.48992  -0.5
1.26904  4.75823  -0.5
1.26729  4.89239  -0.5
1.26345  3.94718  -0.5
1.26153  3.47457  -0.5
1.2583  2.4965  -0.5
1.25668  2.00747  -0.5
1.25369  0.0263509  -0.5
1.2522  -0.964209  -0.5
1.25049  -1.45076  -0.5
1.24964  -1.69404  -0.5
1.24921  -3.43883  -0.5
1.249  -4.31123  -0.5
1.2495  -5.48047  -0.5
1.24975  -6.06509  -0.5
1.25136  -6.62792  -0.5
1.25217  -6.90934  -0.5
1.25466  -7.00641  -0.5
1.25591  -7.05495  -0.5
1.25915  -8.0217  -0.5
1.26078  -8.50507  -0.5
1.26394  -6.90544  -0.5
1.26553  -6.10562  -0.5
1.26771  -6.34275  -0.5
1.26881  -6.46132  -0.5
1.26909  -4.88872  -0.5
1.26924  -4.10243  -0.5
1.26826  -1.23091  -0.5
1.26777  0.204851  -0.5
1.26604  0.0413389  -0.5
1.26518  -0.0404171  -0.5
1.26353  2.58033  -0.5
1.2627  3.89071  -0.5
1.2622  4.03102  -0.5
1.26195  4.10118  -0.5
1.26226  4.59877  -0.5
1.26242  4.84757  -0.5
1.26267  3.27899  -0.5
1.26279  2.49471  -0.5
1.26094  1.72732  -0.5
1.26001  1.34363  -0.5
1.2564  -0.811717  -0.5
1.2546  -1.88939  -0.5
1.25073  -2.86456  -0.5
1.2488  -3.35214  -0.5
1.25027  -5.00092  -0.5
1.25101  -5.82531  -0.5
1.25278  -5.60046  -0.5
1.25366  -5.48804  -0.5
1.25384  -6.863  -0.5
1.25393  -7.55048  -0.5
1.25293  -3.81014  -0.5
1.25243  -1.93998  -0.5
1.25261  -2.27899  -0.5
1.2527  -2.44849  -0.5
1.25397  0.102205  -0.5
1.25461  1.37755  -0.5
1.25466  2.73954  -0.5
1.25469  3.42053  -0.5
1.252  3.97047  -0.5
1.25065  4.24543  -0.5
1.24736  3.40553  -0.5
1.24572  2.98558  -0.5
1.24324  0.864474  -0.5
1.24199  -0.196082  -0.5
1.24233  -2.12262  -0.5
1.2425  -3.08589  -0.5
1.24468  -5.56593  -0.5
1.24577  -6.80595  -0.5
1.24885  -6.68419  -0.5
1.25039  -6.62332  -0.5